# Created by Octave 5.1.0, Mon Sep 30 13:35:33 2019 GMT <unknown@ichuniak-pc>
# name: theta
# type: matrix
# rows: 3
# columns: 1
 -25.161271636161814
 0.20623261238948584
 0.20147028697184491


