# Created by Octave 5.1.0, Mon Sep 30 13:39:41 2019 GMT <unknown@ichuniak-pc>
# name: y
# type: matrix
# rows: 100
# columns: 1
 0
 0
 0
 1
 1
 0
 1
 1
 1
 1
 0
 0
 1
 1
 0
 1
 1
 0
 1
 1
 0
 1
 0
 0
 1
 1
 1
 0
 0
 0
 1
 1
 0
 1
 0
 0
 0
 1
 0
 0
 1
 0
 1
 0
 0
 0
 1
 1
 1
 1
 1
 1
 1
 0
 0
 0
 1
 0
 1
 1
 1
 0
 0
 0
 0
 0
 1
 0
 1
 1
 0
 1
 1
 1
 1
 1
 1
 1
 0
 0
 1
 1
 1
 1
 1
 1
 0
 1
 1
 0
 1
 1
 0
 1
 1
 1
 1
 1
 1
 1


